{
  "cities": [
    "Delhi",
    "Mumbai",
    "Bangalore",
    "Chennai",
    "Kolkata",
    "Hyderabad",
    "Ahmedabad",
    "Jaipur",
    "Lucknow",
    "Bhopal",
    "Patna",
    "Ranchi",
    "Raipur",
    "Bhubaneswar",
    "Thiruvananthapuram",
    "Gangtok",
    "Dispur",
    "Itanagar",
    "Imphal",
    "Shillong",
    "Aizawl",
    "Agartala",
    "Panaji",
    "Chandigarh",
    "Shimla",
    "Dehradun",
    "Srinagar",
    "Pune"
  ],
  "matrix": [
    [
      0,
      1148,
      1739,
      1755,
      1303,
      1255,
      775,
      235,
      416,
      595,
      853,
      999,
      931,
      1270,
      2234,
      1128,
      1464,
      1619,
      1712,
      1491,
      1638,
      1500,
      1499,
      239,
      276,
      205,
      649,
      1172
    ],
    [
      1148,
      0,
      845,
      1033,
      1654,
      621,
      439,
      920,
      1194,
      661,
      1453,
      1372,
      944,
      1361,
      1252,
      1849,
      2091,
      2295,
      2260,
      2082,
      2115,
      1975,
      411,
      1354,
      1405,
      1353,
      1679,
      120
    ],
    [
      1739,
      845,
      0,
      290,
      1560,
      499,
      1237,
      1561,
      1581,
      1144,
      1610,
      1411,
      1015,
      1196,
      499,
      1965,
      2083,
      2288,
      2162,
      2050,
      1991,
      1880,
      493,
      1976,
      2016,
      1929,
      2364,
      735
    ],
    [
      1755,
      1033,
      290,
      0,
      1358,
      515,
      1371,
      1607,
      1532,
      1171,
      1481,
      1258,
      919,
      996,
      624,
      1806,
      1885,
      2085,
      1938,
      1846,
      1765,
      1665,
      744,
      1995,
      2028,
      1930,
      2399,
      914
    ],
    [
      1303,
      1654,
      1560,
      1358,
      0,
      1181,
      1618,
      1357,
      886,
      1123,
      469,
      324,
      710,
      364,
      1982,
      529,
      527,
      728,
      619,
      489,
      463,
      329,
      1717,
      1464,
      1458,
      1340,
      1840,
      1575
    ],
    [
      1255,
      621,
      499,
      515,
      1181,
      0,
      879,
      1095,
      1082,
      662,
      1142,
      971,
      541,
      837,
      999,
      1517,
      1682,
      1890,
      1801,
      1657,
      1639,
      1511,
      539,
      1494,
      1531,
      1438,
      1892,
      505
    ],
    [
      775,
      439,
      1237,
      1371,
      1618,
      879,
      0,
      540,
      945,
      495,
      1304,
      1302,
      953,
      1402,
      1678,
      1682,
      1972,
      2163,
      2178,
      1976,
      2056,
      1910,
      847,
      953,
      1007,
      975,
      1248,
      518
    ],
    [
      235,
      920,
      1561,
      1607,
      1357,
      1095,
      540,
      0,
      511,
      437,
      943,
      1037,
      864,
      1258,
      2048,
      1269,
      1593,
      1763,
      1829,
      1612,
      1736,
      1593,
      1286,
      435,
      485,
      437,
      803,
      953
    ],
    [
      416,
      1194,
      1581,
      1532,
      886,
      1082,
      945,
      511,
      0,
      534,
      440,
      587,
      626,
      881,
      2080,
      760,
      1081,
      1254,
      1318,
      1100,
      1232,
      1091,
      1461,
      592,
      598,
      479,
      996,
      1176
    ],
    [
      595,
      661,
      1144,
      1171,
      1123,
      662,
      495,
      437,
      534,
      0,
      823,
      806,
      488,
      928,
      1639,
      1213,
      1486,
      1682,
      1685,
      1487,
      1560,
      1415,
      942,
      833,
      872,
      787,
      1230,
      643
    ],
    [
      853,
      1453,
      1610,
      1481,
      469,
      1142,
      1304,
      943,
      440,
      823,
      0,
      250,
      600,
      593,
      2086,
      396,
      668,
      859,
      889,
      677,
      793,
      651,
      1625,
      998,
      990,
      873,
      1371,
      1402
    ],
    [
      999,
      1372,
      1411,
      1258,
      324,
      971,
      1302,
      1037,
      587,
      806,
      250,
      0,
      444,
      343,
      1873,
      553,
      724,
      932,
      890,
      711,
      756,
      611,
      1486,
      1177,
      1178,
      1058,
      1571,
      1304
    ],
    [
      931,
      944,
      1015,
      919,
      710,
      541,
      953,
      864,
      626,
      488,
      600,
      444,
      0,
      448,
      1501,
      978,
      1168,
      1376,
      1319,
      1151,
      1171,
      1032,
      1042,
      1160,
      1182,
      1070,
      1576,
      867
    ],
    [
      1270,
      1361,
      1196,
      996,
      364,
      837,
      1402,
      1258,
      881,
      928,
      593,
      343,
      448,
      0,
      1620,
      832,
      890,
      1093,
      972,
      854,
      806,
      686,
      1376,
      1471,
      1480,
      1360,
      1878,
      1270
    ],
    [
      2234,
      1252,
      499,
      624,
      1982,
      999,
      1678,
      2048,
      2080,
      1639,
      2086,
      1873,
      1501,
      1620,
      0,
      2425,
      2509,
      2708,
      2555,
      2469,
      2382,
      2286,
      845,
      2469,
      2510,
      2425,
      2850,
      1160
    ],
    [
      1128,
      1849,
      1965,
      1806,
      529,
      1517,
      1682,
      1269,
      760,
      1213,
      396,
      553,
      978,
      832,
      2425,
      0,
      341,
      494,
      600,
      380,
      574,
      472,
      2015,
      1210,
      1186,
      1082,
      1517,
      1798
    ],
    [
      1464,
      2091,
      2083,
      1885,
      527,
      1682,
      1972,
      1593,
      1081,
      1486,
      668,
      724,
      1168,
      890,
      2509,
      341,
      0,
      208,
      261,
      63,
      284,
      262,
      2206,
      1552,
      1527,
      1424,
      1854,
      2027
    ],
    [
      1619,
      2295,
      2288,
      2085,
      728,
      1890,
      2163,
      1763,
      1254,
      1682,
      859,
      932,
      1376,
      1093,
      2708,
      494,
      208,
      0,
      254,
      239,
      383,
      430,
      2415,
      1685,
      1656,
      1559,
      1957,
      2233
    ],
    [
      1712,
      2260,
      2162,
      1938,
      619,
      1801,
      2178,
      1829,
      1318,
      1685,
      889,
      890,
      1319,
      972,
      2555,
      600,
      261,
      254,
      0,
      222,
      173,
      290,
      2337,
      1809,
      1786,
      1680,
      2115,
      2187
    ],
    [
      1491,
      2082,
      2050,
      1846,
      489,
      1657,
      1976,
      1612,
      1100,
      1487,
      677,
      711,
      1151,
      854,
      2469,
      380,
      63,
      239,
      222,
      0,
      222,
      203,
      2186,
      1586,
      1564,
      1458,
      1897,
      2015
    ],
    [
      1638,
      2115,
      1991,
      1765,
      463,
      1639,
      2056,
      1736,
      1232,
      1560,
      793,
      756,
      1171,
      806,
      2382,
      574,
      284,
      383,
      173,
      222,
      0,
      146,
      2177,
      1755,
      1737,
      1626,
      2085,
      2038
    ],
    [
      1500,
      1975,
      1880,
      1665,
      329,
      1511,
      1910,
      1593,
      1091,
      1415,
      651,
      611,
      1032,
      686,
      2286,
      472,
      262,
      430,
      290,
      203,
      146,
      0,
      2047,
      1624,
      1608,
      1495,
      1963,
      1899
    ],
    [
      1499,
      411,
      493,
      744,
      1717,
      539,
      847,
      1286,
      1461,
      942,
      1625,
      1486,
      1042,
      1376,
      845,
      2015,
      2206,
      2415,
      2337,
      2186,
      2177,
      2047,
      0,
      1721,
      1769,
      1703,
      2069,
      336
    ],
    [
      239,
      1354,
      1976,
      1995,
      1464,
      1494,
      953,
      435,
      592,
      833,
      998,
      1177,
      1160,
      1471,
      2469,
      1210,
      1552,
      1685,
      1809,
      1586,
      1755,
      1624,
      1721,
      0,
      55,
      128,
      416,
      1389
    ],
    [
      276,
      1405,
      2016,
      2028,
      1458,
      1531,
      1007,
      485,
      598,
      872,
      990,
      1178,
      1182,
      1480,
      2510,
      1186,
      1527,
      1656,
      1786,
      1564,
      1737,
      1608,
      1769,
      55,
      0,
      120,
      399,
      1438
    ],
    [
      205,
      1353,
      1929,
      1930,
      1340,
      1438,
      975,
      437,
      479,
      787,
      873,
      1058,
      1070,
      1360,
      2425,
      1082,
      1424,
      1559,
      1680,
      1458,
      1626,
      1495,
      1703,
      128,
      120,
      0,
      517,
      1377
    ],
    [
      649,
      1679,
      2364,
      2399,
      1840,
      1892,
      1248,
      803,
      996,
      1230,
      1371,
      1571,
      1576,
      1878,
      2850,
      1517,
      1854,
      1957,
      2115,
      1897,
      2085,
      1963,
      2069,
      416,
      399,
      517,
      0,
      1733
    ],
    [
      1172,
      120,
      735,
      914,
      1575,
      505,
      518,
      953,
      1176,
      643,
      1402,
      1304,
      867,
      1270,
      1160,
      1798,
      2027,
      2233,
      2187,
      2015,
      2038,
      1899,
      336,
      1389,
      1438,
      1377,
      1733,
      0
    ]
  ]
}